6906673151988534534
6923052032446221573
6924311192102112518
6898643532253351169
6920553269655784710
6916042616425549061
6919488904450100481
6916942907945536773
6913929042211212550
6913870467786984709
6917714591870946566
6917330339702590725
6906206246743985409
6915001644698651906
6912462080448728325
6908371457433144581
6925363788308827398
6917012518686706949
6920063725793856774
6919462828319444230
6894296716653104386
6923040504124886274
6896419939507391746
6904741581232950530
6920181263408172294
6923168543861247234
6925145237388037382
6921599436414094594
6896440455542754561
6908764478364585221
6896741242936265985
6900082980694347010
6923857918567648517
6920987140255927558
6925483547260243205
6920684700361084166
6911374731350396161
6920987140255927558
6925483547260243205
6920684700361084166
6911374731350396161
6903774691446623490
6921857277049818374
6922608419014708485
6922072479485807873
6902414902640643329
6909777280021662978
6912374688064785665
6924288710024416513
6904230187425172741
6922093669344496902
6924556274851908869
6903497351411895553
6923842318743129345
6899792717182782722
6924922493824257286
6896788353551797505
6903534273307888898
6910944119485402373
6916134902412889349
6923185206165916934
6915036957789703429
6903661182180150529
6900808089541397762
6920942608156003586
6900401797085662466
6923466989981781250
6918614570265251078
6924991737425415429
6922353304336960773
6901374978143325442
6899464235252829441
6903448987165134082
6902825558678228225
6898733643078978818
6923239023079214342
6906521856149310722
6925743294102179078
6917939984284552450
6926012698115181829
6918079795909676293
6911348539171835141
6910639372584914182
6904210286882999553
6905112639022714113
6923507890166828293
6902725808876457217
6900500320766430466
6901613336522132738
6920732074710174982
6922395768816930050
6919030543543717126
6914580833256934662
6901999422683532545
6905325199260945666
6917687313879403782
6896445648216886529
6913107743142350085
6918284806832852229
6920916141028166917
6898641163989880065
6924947686407802114
6918053676938513669
6920243316055346437
6920665591409904901
6925737145340628230
6915455452939652358
6895317107915902210
6921745302345043205
6923220205934071045
6918216242491051269
6925415811851046150
6911654529838615813
6904952563699944706
6923029352775027973
6921595283797298437
6912353792776310017
6925363849080081670
6925850729219394821
6911210215421594882
6925762145602866438
6921917119194008837
6920505943004433669
6903122977957891329
6895444507475610882
6928060210527489285
6928337779441093894
6920999658319777029
6897202415871773953
6926975884846992645
6911351172980919553
6902840991787552002
6920759807326702849
6902758265491377410
6905706229398572294
6923047128331832582
6926116290167901446
6922141953031146757
6927227004559363334
6902082528631475458
6926439023258963206
6928381932401134854
6928005072316108033
6928410532278029574
6922348344438181126
6918804563604589830
6928309338184436998
6927958846396779781
6928337641880440069
6928180049090776325
6928337526742600965
6928702519849880837
6920611850837183749
6926594496813681926
6928034125987220738
6926177796398025990
6925849877817707781
6928278791944948997
6926114347429268742
6919519223605693698
6925017892450798854
6925674676664487174
6927603912606371074
6921274902158855430
6923881296540290310
6925628399234960645
6922355915576397062
6927590123471260934
6927708611816852741
6927632967338626310
6903187626614852866
6909034701323865346
6904581397953072385
6927327216900541702
6927699319801859334
6920157416361364742
6899054654894689541
6926188773109681414
6926262147060141318
6919874656627412225
6926454864734162182
6906024048719924481
6928028686109150466
6923817817951276294
6928486464607112449
6924959105455099142
6920488234447392006
6903467799096708354
6927636629867760901
6927699704641867014
6897531822347914497
6903134367284022529
6928642216579648774
6927590428040613125
6910201546659663105
6908668098086178049
6906068002840661249
6896076377192156418
6923093696737021189
6923509774696992005
6928660698381716737
6924630422513093893
6900146847529094401
6925376062234922245
6922106580402048262
6922091633899048198
6925714842015829254
6925128217279876358
6928326176037473541
6928056784246557957
6902415235697642754
6900897215225679105
6917900638617718017
6926063836017544453
6909492046873070854
6920191716460973317
6916576329320123649
6915346319745830150
6911264583437061377
6922724909705628929
6922872321627802885
6927683385783536901
6915645421083757829
6927688154753305861
6928330613380500742
6925810236565523718
6926177113238211846
6922409384718929158
6926413418597518597
6926064297592261893
6926206150581161221
6928024620570316038
6928012085389430022
6914911433658502405
6917668810677898497
6927691285444709637
6922124327324224770
6903158328688430337
6926503843337473285
6924366118450646274
6902800460433083650
6922723219841584389
6928438116982312197
6915585875141348614
6924331234843708677
6905742536703266049
6924179617569967361
6926237179496664326
6906166026803612930
6924613843217829125
6920158046119398662
6919021506911587589
6913124114999840006
6925606437339041030
6924964945310272774
6926129240660364550
6926945418211282182
6921706753730120965
6919143346602626309
6926199269670063366
6909064838958304518
6926102030704446721
6926549591689104645
6924203620988636422
6910088034432208133
6901653487134706946
6912897104948071681
6901254784960040193
6924298367677828358
6922454952254164229
6904851514771213569
6922380565157022982
6919847050787949830
6918449778535779590
6908036911378500865
6923912511070801157
6905061850195578114
6923171624778763525
6928377529858411781
6920312178117512453
6924955164872871173
6904955691031694594
6924257459066424582
6917278201920195845
6920987170169703686
6928286356120587525
6925445613559598341
6922426866028514566
6927360531057675525
6920550371299429637
6920872808360807686
6908749069431115014
6918437134433094917
6923252314597788933
6923967431492865285
6924763068576681221
6927551271985499397
6926966287511997701
6901613023107108098
6920236288155208961
6928358259963317505
6927672374913486085
6926540189884091654
6923570183151914242
6897214944949832962
6906941687591963906
6924591751076285702
6926218492815379718
6927637371781385477
6912112655629110533
6927948609342196997
6922025855325637893
6920631501595888901
6927585216622071046
6927322580055592197
6920949159482658053
6928665502189391109
6923473002038332678
6908276622504316161
6922373722426936582
6928344006296472837
6923857359269907717
6928342296446520581
6912432263443582213
6900132353033702657
6922444095168302341
6927311946467347718
6922912448857033989
6904632223706696961
6923315232106351878
6917692832597724422
6928076202246819077
6927126230567259393
6898309629219065090
6910175145252359430
6922176874260991233
6898323376473984257
6912799978234612998
6922820372731563270
6920559661523488002
6906458174816144642
6927554936439852293
6914777959358401797
6915865825417202950
6920578070051065093
6925133337229053189
6915835197409856773
6926177938324999430
6927308825288527109
6924298904527817989
6928313180443675906
6922827543385033989
6903180119649586433
6921278876110834950
6926043320573545734
6921331071867047173
6922158463153884421
6922002066474831109
6920994517399129349
6926070764680514822
6914614707869551878
6918452907700489478
6928704192303336710
6925135634206084357
6907907926715927809
6921425790542384390
6927936492379720965
6898300532599835905
6927230122072345861
6928718987262053637
6915431428503112965
6928747107201469701
6928403231857020165
6928725481864875265
6928676376102882566
6899440868848258306
6928748297691647234
6921344894938123526
6928690440761888005
6918733913909234949
6927865234237426950
6928698779558251782
6921371235909700870
6927629627292699909
6918308789405994246
6928454327665282305
6913177820277525766
6912853996596153605
6921270266937052422
6928842155993599238
6929001347761081605
6926515687699598598
6921969677518392578
6929074859012132101
6901588115656314114
6924589668923116806
6927208497222257926
6926956358197628161
6927885044027493633
6928305197311642881
6919259518480289029
6928620660574932229
6929049839674117377
6928412461540314370
6924076523230121217
6922728360510622978
6924440404817366277
6898274497128893697
6923224520111197445
6903895245159976193
