6903895245159976193
6928734647664889094
6929393705405172993
6925765245986245889
6908732066850983174
6930559602304027909
6929519035528875270
6930507688002489602
6930984351068949766
6911600528468299009
6929878641467870469
6900559899084786950
6909845156585917702
6921720438397701382
6907619424371543302
6927349932160486661
6930871353566317830
6930928694844296454
6930849660303101186
6930566034587979009
6924269375943888134
6930811626551577862
6927844573754477829
6915041885815983365
6904196770188774662
6907858058811051266
6922494610379951361
6931028470063451398
6926775378795105541
6930166345535393025
6927892924638252293
6906872679236717829
6927217369387453698
6929525591754411270
6929007902648814849
6929041891673623813
6927521900667079942
6929751815374392581
6906498734096698629
6925803699000446213
6930252308001377542
6931059933089664262
6930559525950950662
6911655869042232581
6926715117669272837
6913586272946736389
6926532328671939845
6926884586228075781
6921349269198753030
6925644664209018118
6930994261223673093
6929383259965050117
6924732141058247941
6923833358568951042
6923644606911450374
6926550288635596034
6902035362235829510
6916524613421862149
6905363994442304773
6930619831788047621
6920666756239428870
6908755803193330950
6906436719541767425
6930942263577103621
6930581129409907974